1.867   2  2   22.667  4  2   3.200   1   2  0.000   0  2   0.000   0  2   0.000   0  2   0.000   0  2   0.000   0  2
0.933   2  3   11.333  4  3   1.600   1   3  12.00   2  3   1.800   2  3   0.000   0  3   0.000   0  3   0.000   0  3
0.622   2  4   7.556   4  4   1.067   1   4  8.000   2  4   2.400   4  4   0.000   0  4   0.311   1  4   0.000   0  4
0.933   4  5   5.667   4  5   0.800   1   5  6.000   2  5   1.800   4  5   6.533   1  5   0.467   2  5   0.000   0  5
1.120   6  6   4.533   4  6   0.640   1   6  4.800   2  6   1.440   4  6   5.227   1  6   0.373   2  6   0.933   1  6
0.933   6  7   3.778   4  7   0.533   1   7  4.000   2  7   1.200   4  7   8.711   2  7   0.467   3  7   1.556   2  7
0.800   6  8   3.238   4  8   0.914   2   8  3.429   2  8   1.029   4  8   7.467   2  8   0.667   5  8   1.333   2  8
0.700   6  9   2.833   4  9   1.200   3   9  3.000   2  9   0.900   4  9   6.533   2  9   0.817   7  9   1.167   2  9
0.830   8  10  2.519   4  10  1.067   3  10  2.667   2  10  0.800   4  10  5.807   2  10  0.933   9  10  1.037   2  10
0.933  10  11  2.267   4  11  0.960   3  11  2.400   2  11  0.720   4  11  5.227   2  11  1.027  11  11  0.933   2  11
0.848  10  12  2.061   4  12  0.873   3  12  2.182   2  12  0.818   5  12  4.752   2  12  1.103  13  12  0.848   2  12
0.778  10  13  1.889   4  13  0.800   3  13  2.000   2  13  1.050   7  13  4.356   2  13  1.167  15  13  0.778   2  13
0.862  12  14  1.744   4  14  0.738   3  14  1.846   2  14  0.969   7  14  4.021   2  14  1.221  17  14  0.718   2  14
0.800  12  15  1.619   4  15  0.914   4  15  1.714   2  15  0.900   7  15  3.733   2  15  1.267  19  15  0.667   2  15
0.747  12  16  1.511   4  16  0.853   4  16  1.600   2  16  0.840   7  16  3.484   2  16  1.307  21  16  0.933   3  16
0.700  12  17  1.417   4  17  0.800   4  17  1.500   2  17  0.788   7  17  3.267   2  17  1.342  23  17  1.167   4  17
0.769  14  18  1.333   4  18  0.753   4  18  1.412   2  18  0.741   7  18  3.075   2  18  1.373  25  18  1.098   4  18
0.830  16  19  1.259   4  19  0.889   5  19  1.333   2  19  0.700   7  19  2.904   2  19  1.348  26  19  1.037   4  19
0.884  18  20  1.193   4  20  1.011   6  20  1.263   2  20  0.758   8  20  2.751   2  20  1.277  26  20  0.982   4  20
0.933  20  21  1.133   4  21  1.280   8  21  1.200   2  21  0.900  10  21  2.613   2  21  1.213  26  21  0.933   4  21
1.067  24  22  1.079   4  22  1.219   8  22  1.143   2  22  1.114  13  22  2.489   2  22  1.156  26  22  0.889   4  22
1.103  26  23  1.030   4  23  1.164   8  23  1.091   2  23  1.145  14  23  2.376   2  23  1.103  26  23  1.061   5  23
1.136  28  24  0.986   4  24  1.113   8  24  1.043   2  24  1.252  16  24  2.272   2  24  1.055  26  24  1.217   6  24
1.089  28  25  1.889   8  25  1.067   8  25  1.000   2  25  1.200  16  25  2.178   2  25  1.050  27  25  1.361   7  25
1.045  28  26  1.813   8  26  1.152   9  26  1.920   4  26  1.152  16  26  2.091   2  26  1.045  28  26  1.307   7  26
1.077  30  27  1.744   8  27  1.231  10  27  1.846   4  27  1.108  16  27  2.010   2  27  1.041  29  27  1.256   7  27
1.106  32  28  1.679   8  28  1.185  10  28  1.778   4  28  1.067  16  28  1.936   2  28  1.072  31  28  1.210   7  28
1.067  32  29  1.619   8  29  1.143  10  29  1.714   4  29  1.093  17  29  1.867   2  29  1.100  33  29  1.167   7  29
1.030  32  30  1.563   8  30  1.103  10  30  1.655   4  30  1.179  19  30  1.802   2  30  1.126  35  30  1.126   7  30
1.058  34  31  1.511   8  31  1.067  10  31  1.600   4  31  1.140  19  31  1.742   2  31  1.151  37  31  1.089   7  31
1.084  36  32  1.462   8  32  1.032  10  32  1.548   4  32  1.103  19  32  1.686   2  32  1.174  39  32  1.054   7  32
1.050  36  33  1.417   8  33  1.100  11  33  1.500   4  33  1.069  19  33  1.633   2  33  1.196  41  33  1.021   7  33
1.018  36  34  1.374   8  34  1.164  12  34  1.455   4  34  1.036  19  34  1.584   2  34  1.216  43  34  0.990   7  34
1.043  38  35  1.333   8  35  1.129  12  35  1.412   4  35  1.006  19  35  1.537   2  35  1.208  44  35  1.098   8  35
1.013  38  36  1.295   8  36  1.097  12  36  1.371   4  36  1.029  20  36  1.493   2  36  1.200  45  36  1.200   9  36
1.037  40  37  1.259   8  37  1.067  12  37  1.333   4  37  1.100  22  37  1.452   2  37  1.193  46  37  1.167   9  37
1.059  42  38  1.225   8  38  1.038  12  38  1.297   4  38  1.216  25  38  1.413   2  38  1.211  48  38  1.135   9  38
1.130  46  39  1.193   8  39  1.095  13  39  1.263   4  39  1.184  25  39  1.375   2  39  1.179  48  39  1.105   9  39
1.197  50  40  1.162   8  40  1.149  14  40  1.231   4  40  1.154  25  40  1.340   2  40  1.149  48  40  1.077   9  40
1.260  54  41  1.133   8  41  1.280  16  41  1.200   4  41  1.125  25  41  1.307   2  41  1.120  48  41  1.050   9  41
1.229  54  42  1.659  12  42  1.249  16  42  1.171   4  42  1.141  26  42  1.275   2  42  1.093  48  42  1.138  10  42
1.200  54  43  1.619  12  43  1.219  16  43  1.714   6  43  1.114  26  43  1.244   2  43  1.089  49  43  1.222  11  43
1.172  54  44  1.581  12  44  1.191  16  44  1.674   6  44  1.130  27  44  1.216   2  44  1.085  50  44  1.302  12  44
1.145  54  45  1.545  12  45  1.164  16  45  1.636   6  45  1.186  29  45  1.188   2  45  1.103  52  45  1.273  12  45
1.120  54  46  1.511  12  46  1.138  16  46  1.600   6  46  1.280  32  46  1.161   2  46  1.120  54  46  1.244  12  46
1.136  56  47  1.478  12  47  1.113  16  47  1.565   6  47  1.252  32  47  1.136   2  47  1.136  56  47  1.217  12  47
1.112  56  48  1.447  12  48  1.157  17  48  1.532   6  48  1.226  32  48  1.112   2  48  1.152  58  48  1.191  12  48
1.089  56  49  1.417  12  49  1.200  18  49  1.500   6  49  1.200  32  49  1.089   2  49  1.167  60  49  1.167  12  49