1.867   2    2  17.000   3   2  3.200   1    2  0.000   0    2  0.000   0    2  0.000   0    2  0.000   0    2  0.000   0    2
0.933   2    3  8.500   3    3  1.600   1    3  6.000   1    3  1.800   2    3  0.000   0    3  0.000   0    3  0.000   0    3
0.622   2    4  5.667   3    4  1.067   1    4  8.000   2    4  1.200   2    4  0.000   0    4  0.622   2    4  0.000   0    4
0.933   4    5  4.250   3    5  0.800   1    5  6.000   2    5  0.900   2    5  0.000   0    5  0.467   2    5  1.167   1    5
0.747   4    6  3.400   3    6  0.640   1    6  4.800   2    6  1.080   3    6  0.000   0    6  0.747   4    6  0.933   1    6
0.933   6    7  2.833   3    7  0.533   1    7  4.000   2    7  0.900   3    7  0.000   0    7  0.933   6    7  0.778   1    7
1.067   8    8  2.429   3    8  0.457   1    8  3.429   2    8  1.029   4    8  0.000   0    8  0.800   6    8  1.333   2    8
0.933   8    9  2.125   3    9  0.800   2    9  3.000   2    9  0.900   4    9  0.000   0    9  0.933   8    9  1.167   2    9
1.037  10   10  1.889   3   10  0.711   2   10  2.667   2   10  1.000   5   10  0.000   0   10  0.933   9   10  1.037   2   10
0.933  10   11  1.700   3   11  0.640   2   11  2.400   2   11  0.900   5   11  0.000   0   11  1.120  12   11  0.933   2   11
1.018  12   12  1.545   3   12  0.582   2   12  2.182   2   12  0.982   6   12  0.000   0   12  1.018  12   12  1.273   3   12
1.089  14   13  1.417   3   13  0.800   3   13  2.000   2   13  0.900   6   13  0.000   0   13  0.933  12   13  1.167   3   13
1.005  14   14  1.308   3   14  0.738   3   14  1.846   2   14  0.831   6   14  0.000   0   14  1.077  15   14  1.077   3   14
1.067  16   15  1.214   3   15  0.686   3   15  1.714   2   15  0.771   6   15  0.000   0   15  1.133  17   15  1.000   3   15
1.120  18   16  2.267   6   16  0.640   3   16  1.600   2   16  0.720   6   16  0.000   0   16  1.058  17   16  1.244   4   16
1.050  18   17  2.125   6   17  0.800   4   17  2.250   3   17  0.675   6   17  0.000   0   17  1.050  18   17  1.167   4   17
1.098  20   18  2.000   6   18  0.753   4   18  2.118   3   18  0.847   8   18  0.000   0   18  0.988  18   18  1.098   4   18
1.037  20   19  1.889   6   19  0.711   4   19  2.000   3   19  0.800   8   19  0.000   0   19  1.089  21   19  1.037   4   19
1.081  22   20  1.789   6   20  0.674   4   20  1.895   3   20  0.758   8   20  0.000   0   20  1.081  22   20  1.228   5   20
1.120  24   21  1.700   6   21  0.640   4   21  1.800   3   21  0.810   9   21  0.000   0   21  1.073  23   21  1.167   5   21
1.067  24   22  1.619   6   22  0.762   5   22  1.714   3   22  0.857  10   22  0.000   0   22  1.067  24   22  1.111   5   22
1.103  26   23  1.545   6   23  0.727   5   23  1.636   3   23  0.818  10   23  0.000   0   23  1.103  26   23  1.061   5   23
1.136  28   24  1.478   6   24  0.696   5   24  1.565   3   24  0.783  10   24  0.000   0   24  1.096  27   24  1.217   6   24
1.089  28   25  1.417   6   25  0.667   5   25  1.500   3   25  0.825  11   25  0.000   0   25  1.128  29   25  1.167   6   25
1.120  30   26  1.360   6   26  0.640   5   26  1.440   3   26  0.792  11   26  0.000   0   26  1.120  30   26  1.120   6   26
1.149  32   27  1.308   6   27  0.738   6   27  1.385   3   27  0.831  12   27  0.000   0   27  1.077  30   27  1.077   6   27
1.106  32   28  1.259   6   28  0.711   6   28  1.333   3   28  0.800  12   28  0.000   0   28  1.106  32   28  1.210   7   28
1.133  34   29  1.214   6   29  0.686   6   29  1.286   3   29  0.771  12   29  0.000   0   29  1.133  34   29  1.167   7   29
1.159  36   30  1.759   9   30  0.662   6   30  1.241   3   30  0.745  12   30  0.000   0   30  1.126  35   30  1.126   7   30
1.120  36   31  1.700   9   31  0.640   6   31  1.600   4   31  0.720  12   31  0.000   0   31  1.120  36   31  1.244   8   31
1.144  38   32  1.645   9   32  0.723   7   32  1.935   5   32  0.697  12   32  0.000   0   32  1.084  36   32  1.204   8   32
1.108  38   33  1.594   9   33  0.700   7   33  1.875   5   33  0.788  14   33  0.000   0   33  1.079  37   33  1.167   8   33
1.075  38   34  1.545   9   34  0.679   7   34  1.818   5   34  0.818  15   34  0.000   0   34  1.103  39   34  1.131   8   34
1.098  40   35  1.500   9   35  0.659   7   35  1.765   5   35  0.794  15   35  0.000   0   35  1.125  41   35  1.098   8   35
1.120  42   36  1.457   9   36  0.640   7   36  1.714   5   36  0.771  15   36  0.000   0   36  1.120  42   36  1.200   9   36
1.141  44   37  1.417   9   37  0.711   8   37  1.667   5   37  0.800  16   37  0.000   0   37  1.089  42   37  1.167   9   37
1.110  44   38  1.378   9   38  0.692   8   38  1.622   5   38  0.778  16   38  0.000   0   38  1.110  44   38  1.135   9   38
1.130  46   39  1.342   9   39  0.674   8   39  1.579   5   39  0.805  17   39  0.000   0   39  1.105  45   39  1.105   9   39
1.101  46   40  1.308   9   40  0.656   8   40  1.538   5   40  0.785  17   40  0.000   0   40  1.125  47   40  1.197  10   40
1.120  48   41  1.275   9   41  0.640   8   41  1.500   5   41  0.765  17   41  0.000   0   41  1.143  49   41  1.167  10   41
1.138  50   42  1.244   9   42  0.702   9   42  1.463   5   42  0.746  17   42  0.000   0   42  1.138  50   42  1.138  10   42
1.156  52   43  1.214   9   43  0.686   9   43  1.429   5   43  0.771  18   43  0.000   0   43  1.133  51   43  1.111  10   43
1.129  52   44  1.581  12   44  0.670   9   44  1.395   5   44  0.753  18   44  0.000   0   44  1.129  52   44  1.194  11   44
1.145  54   45  1.545  12   45  0.655   9   45  1.636   6   45  0.736  18   45  0.000   0   45  1.124  53   45  1.167  11   45
1.120  54   46  1.511  12   46  0.711  10   46  1.600   6   46  0.760  19   46  0.000   0   46  1.120  54   46  1.141  11   46
1.136  56   47  1.478  12   47  0.696  10   47  1.565   6   47  0.783  20   47  0.000   0   47  1.096  54   47  1.116  11   47
1.112  56   48  1.447  12   48  0.681  10   48  1.532   6   48  0.766  20   48  0.000   0   48  1.132  57   48  1.092  11   48
1.128  58   49  1.417  12   49  0.667  10   49  1.500   6   49  0.788  21   49  0.000   0   49  1.108  57   49  1.167  12   49
