         0              0               0               0               0               0               0               0      
         4              0               0               0               0               0               0               0      
         4              0               0               0               0               0               0               0      
         4              0               0               0               0               0               0               0      
         4              0               0               0               0               0               0               0      
         4              0               0               0               0               0               0               0      
         4              5               3               0               0               0               0               0      
         4              5               3               1               3               0               0               0      
         4              5               3               1               3               1               2               0      
         8              5               3               1               3               1               2               2      
         8              5               3               1               3               1               2               2      
         8              5               3               1               3               1               2               2      
         8             10               6               1               3               1               2               2      
         8             10               6               2               6               1               2               2      
         8             10               6               2               6               2               4               2      
        12             10               6               2               6               2               4               4      
        12             10               6               2               6               2               4               4      
        12             10               6               2               6               2               4               4      
        12             15               9               2               6               2               4               4      
        12             15               9               3               9               2               4               4      
        12             15               9               3               9               3               6               4      
        16             15               9               3               9               3               6               6      
        16             15               9               3               9               3               6               6      
        16             15               9               3               9               3               6               6      
        16             20              12               3               9               3               6               6  