2.500   5  2   15.179  5  2   5.143   3  2   0.000   0  2   0.000   0  2   0.000   0  2   0.000   0  2   0.000   0  2
1.250   5  3   7.589   5  3   2.571   3  3   3.214   1  3   2.893   6  3   0.000   0  3   0.000   0  3   0.000   0  3
0.833   5  4   5.060   5  4   1.714   3  4   6.429   3  4   1.929   6  4   0.000   0  4   1.000   6  4   0.000   0  4
1.250  10  5   3.795   5  5   1.286   3  5   4.821   3  5   1.446   6  5   7.000   2  5   0.750   6  5   1.875   3  5
1.000  10  6   3.036   5  6   1.029   3  6   3.857   3  6   1.157   6  6   5.600   2  6   1.500  15  6   1.500   3  6
1.250  15  7   2.530   5  7   1.714   6  7   3.214   3  7   1.446   9  7   4.667   2  7   1.250  15  7   1.250   3  7
1.429  20  8   2.168   5  8   1.469   6  8   2.755   3  8   1.240   9  8   4.000   2  8   1.286  18  8   2.143   6  8
1.250  20  9   1.897   5  9   1.286   6  9   2.411   3  9   1.808  15  9   3.500   2  9   1.312  21  9   1.875   6  9
1.389  25  10  1.687   5  10  1.714   9  10  2.143   3  10  1.607  15  10  3.111   2  10  1.333  24  10  1.667   6  10
1.250  25  11  1.518   5  11  1.543   9  11  1.929   3  11  1.446  15  11  2.800   2  11  1.650  33  11  1.500   6  11
1.364  30  12  1.380   5  12  1.403   9  12  1.753   3  12  1.578  18  12  2.545   2  12  1.500  33  12  2.045   9  12
1.458  35  13  2.530  10  13  1.714  12  13  1.607   3  13  1.446  18  13  2.333   2  13  1.375  33  13  1.875   9  13
1.346  35  14  2.335  10  14  1.582  12  14  1.978   4  14  1.558  21  14  2.154   2  14  1.385  36  14  1.731   9  14
1.429  40  15  2.168  10  15  1.469  12  15  1.837   4  15  1.446  21  15  2.000   2  15  1.500  42  15  1.607   9  15
1.500  45  16  2.024  10  16  1.371  12  16  2.143   5  16  1.543  24  16  1.867   2  16  1.400  42  16  1.500   9  16
1.406  45  17  1.897  10  17  1.929  18  17  2.009   5  17  1.446  24  17  1.750   2  17  1.406  45  17  1.406   9  17
1.471  50  18  1.786  10  18  1.815  18  18  1.891   5  18  1.532  27  18  1.647   2  18  1.412  48  18  1.324   9  18
1.389  50  19  1.687  10  19  1.714  18  19  1.786   5  19  1.446  27  19  1.556   2  19  1.500  54  19  1.667  12  19
1.447  55  20  1.598  10  20  1.624  18  20  1.692   5  20  1.675  33  20  1.474   2  20  1.421  54  20  1.579  12  20
1.375  55  21  1.518  10  21  1.543  18  21  1.607   5  21  1.591  33  21  2.800   4  21  1.500  60  21  1.500  12  21
1.429  60  22  1.446  10  22  1.469  18  22  1.531   5  22  1.515  33  22  2.667   4  22  1.500  63  22  1.786  15  22
1.477  65  23  2.070  15  23  1.636  21  23  1.461   5  23  1.446  33  23  2.545   4  23  1.432  63  23  1.705  15  23
1.413  65  24  1.980  15  24  1.565  21  24  1.677   6  24  1.509  36  24  2.435   4  24  1.435  66  24  1.630  15  24
1.458  70  25  1.897  15  25  1.500  21  25  2.143   8  25  1.446  36  25  2.333   4  25  1.438  69  25  1.562  15  25
1.400  70  26  1.821  15  26  1.440  21  26  2.057   8  26  1.504  39  26  2.240   4  26  1.500  75  26  1.500  15  26