         0              0               0               0               0               0               0               0      
         4              5               3               0               0               0               0               0      
         4              5               3               1               3               0               0               0      
         4              5               3               1               3               1               2               2      
         8             10               6               1               3               1               2               2      
         8             10               6               2               6               1               2               2      
         8             10               6               2               6               2               4               4      
        12             15               9               2               6               2               4               4      
        12             15               9               3               9               2               4               4      
        12             15               9               3               9               3               6               6      
        16             20              12               3               9               3               6               6      
        16             20              12               4              12               3               6               6      
        16             20              12               4              12               4               8               8      
        20             25              15               4              12               4               8               8      
        20             25              15               5              15               4               8               8      
        20             25              15               5              15               5              10              10      
        24             30              18               5              15               5              10              10      
        24             30              18               6              18               5              10              10      
        24             30              18               6              18               6              12              12      
        28             35              21               6              18               6              12              12      
        28             35              21               7              21               6              12              12      
        28             35              21               7              21               7              14              14      
        32             40              24               7              21               7              14              14      
        32             40              24               8              24               7              14              14      
        32             40              24               8              24               8              16              16      
        36             45              27               8              24               8              16              16  