2.000   4    2  15.179   5   2  5.143   3    2  0.000   0    2  0.000   0    2  0.000   0    2  0.000   0    2  0.000   0    2
1.000   4    3  7.589   5    3  2.571   3    3  3.214   1    3  2.893   6    3  0.000   0    3  0.000   0    3  0.000   0    3
0.667   4    4  5.060   5    4  1.714   3    4  4.286   2    4  1.929   6    4  0.000   0    4  0.667   4    4  0.000   0    4
1.000   8    5  3.795   5    5  1.286   3    5  3.214   2    5  1.446   6    5  3.500   1    5  0.500   4    5  1.250   2    5
0.800   8    6  3.036   5    6  1.029   3    6  2.571   2    6  1.736   9    6  2.800   1    6  0.800   8    6  1.000   2    6
1.000  12    7  2.530   5    7  0.857   3    7  2.143   2    7  1.446   9    7  2.333   1    7  1.000  12    7  0.833   2    7
1.143  16    8  2.168   5    8  0.735   3    8  1.837   2    8  1.653  12    8  2.000   1    8  0.857  12    8  1.429   4    8
1.000  16    9  1.897   5    9  1.286   6    9  1.607   2    9  1.446  12    9  1.750   1    9  1.000  16    9  1.250   4    9
1.111  20   10  1.687   5   10  1.143   6   10  1.429   2   10  1.607  15   10  1.556   1   10  1.000  18   10  1.111   4   10
1.000  20   11  1.518   5   11  1.029   6   11  1.286   2   11  1.446  15   11  1.400   1   11  1.200  24   11  1.000   4   11
1.091  24   12  1.380   5   12  0.935   6   12  1.169   2   12  1.578  18   12  1.273   1   12  1.091  24   12  1.364   6   12
1.167  28   13  1.265   5   13  1.286   9   13  1.071   2   13  1.446  18   13  2.333   2   13  1.000  24   13  1.250   6   13
1.077  28   14  1.168   5   14  1.187   9   14  0.989   2   14  1.335  18   14  2.154   2   14  1.154  30   14  1.154   6   14
1.143  32   15  1.084   5   15  1.102   9   15  0.918   2   15  1.240  18   15  2.000   2   15  1.214  34   15  1.071   6   15
1.200  36   16  2.024  10   16  1.029   9   16  0.857   2   16  1.157  18   16  1.867   2   16  1.133  34   16  1.333   8   16
1.125  36   17  1.897  10   17  1.286  12   17  1.205   3   17  1.085  18   17  1.750   2   17  1.125  36   17  1.250   8   17
1.176  40   18  1.786  10   18  1.210  12   18  1.134   3   18  1.361  24   18  1.647   2   18  1.059  36   18  1.176   8   18
1.111  40   19  1.687  10   19  1.143  12   19  1.071   3   19  1.286  24   19  1.556   2   19  1.167  42   19  1.111   8   19
1.158  44   20  1.598  10   20  1.083  12   20  1.015   3   20  1.218  24   20  1.474   2   20  1.158  44   20  1.316  10   20
1.200  48   21  1.518  10   21  1.029  12   21  0.964   3   21  1.302  27   21  1.400   2   21  1.150  46   21  1.250  10   21
1.143  48   22  1.446  10   22  1.224  15   22  0.918   3   22  1.378  30   22  1.333   2   22  1.143  48   22  1.190  10   22
1.182  52   23  1.380  10   23  1.169  15   23  0.877   3   23  1.315  30   23  1.273   2   23  1.182  52   23  1.136  10   23
1.217  56   24  1.320  10   24  1.118  15   24  0.839   3   24  1.258  30   24  1.217   2   24  1.174  54   24  1.304  12   24
1.167  56   25  1.265  10   25  1.071  15   25  0.804   3   25  1.326  33   25  1.167   2   25  1.208  58   25  1.250  12   25
1.200  60   26  1.214  10   26  1.029  15   26  0.771   3   26  1.273  33   26  1.680   3   26  1.200  60   26  1.200  12   26

