         0              6               0               2               0               0               0               1      
         0             15               1               4               0               0               0               2      
         6             24               2               4               0               0               0               2      
        12             27               4               5               0               0               1               2      
        14             27               7               7               1               0               1               3      
        14             30              10               7               1               0               2               5      
        14             30              10               9               2               0               4               6      
        14             30              11              10               4               0               6               8      
        14             30              12              12               5               0               8               9      
        14             30              16              12               6               0               9               9      
        16             30              18              13               8               0              11               9      
        18             30              19              14               9               0              14              10      
        18             36              20              14               9               0              16              12      
        24             42              21              15               9               0              16              12      
        24             45              23              16              11               0              17              12      
        24             45              25              16              14               0              17              13      
        24             45              27              17              16               0              18              14      
        28             48              28              17              18               0              19              15      
        30             54              29              20              19               0              19              15      
        32             54              30              21              19               0              23              15      
        40             54              32              21              20               0              23              16      
        42             57              34              22              20               0              24              17      
        42             57              36              23              22               0              26              17      
        44             57              36              24              24               0              26              20      
        44             60              37              25              25               0              27              21      
        44             66              38              25              26               0              28              21      
        46             72              39              26              27               0              29              22      
        48             75              42              27              27               0              29              22      
        50             75              44              27              27               0              31              23      
        50             81              45              29              28               0              31              24      
        54             87              46              30              28               0              32              24      
        56             87              47              30              28               0              34              27      
        58             87              49              32              28               0              36              28      
        62             87              50              32              29               0              37              30      
        62             93              51              32              31               0              37              31      
        66             93              51              34              31               0              38              32      
        66             96              52              35              33               0              39              32      
        70             99              52              36              34               0              39              33      
        70            105              52              37              35               0              41              33      
        72            111              52              38              35               0              41              34      
        72            117              53              39              37               0              42              34      
        72            123              56              41              37               0              42              35      
        76            123              56              43              37               0              43              36      
        78            126              58              43              37               0              44              36      
        78            135              59              44              38               0              44              38      
        80            138              60              44              39               0              45              40      
        80            147              61              45              39               0              46              42      
        86            150              62              45              39               0              48              42  