0.000   0  0   0.000   0  2   0.000   0  2   0.000   0  2   0.000   0   3  0.000   0  5   0.000   0  0   4.667   1  2
0.000   0  2   0.000   0  4   1.600   1  3   0.000   0  3   0.900   1   3  13.067  1  6   0.000   0  1   2.333   1  2
1.244   4  3   0.000   0  5   2.133   2  4   0.000   0  3   0.600   1   4  8.711   1  7   0.000   0  2   1.556   1  4
0.933   4  4   0.000   0  5   1.600   2  5   0.000   0  5   0.900   2   6  6.533   1  8   0.467   2  2   1.167   1  5
0.747   4  4   0.000   0  6   1.280   2  5   4.800   2  5   1.440   4   9  5.227   1  8   0.560   3  4   0.933   1  7
0.622   4  6   3.778   4  6   1.067   2  6   4.000   2  5   1.200   4  10  4.356   1  10  0.622   4  5   1.556   2  8
0.800   6  7   3.238   4  9   0.914   2  6   3.429   2  6   1.029   4  10  3.733   1  12  0.800   6  5   1.333   2  9
0.933   8  8   2.833   4  9   0.800   2  6   3.000   2  8   0.900   4  12  3.267   1  12  0.933   8  7   1.167   2  10
1.037  10  8   2.519   4  9   0.711   2  6   2.667   2  9   0.800   4  15  2.904   1  12  1.037  10  8   1.037   2  13
0.933  10  8   2.267   4  10  0.640   2  7   2.400   2  10  0.900   5  18  2.613   1  13  1.120  12  9   0.933   2  13
0.848  10  9   2.061   4  11  0.873   3  8   2.182   2  10  0.818   5  22  2.376   1  13  1.188  14  9   0.848   2  14
0.778  10  9   1.889   4  13  1.067   4  9   2.000   2  11  0.900   6  24  2.178   1  13  1.167  15  9   0.778   2  16
0.718  10  10  1.744   4  14  0.985   4  10  1.846   2  12  1.108   8  24  2.010   1  13  1.149  16  10  1.077   3  19
0.800  12  10  1.619   4  14  0.914   4  12  1.714   2  13  1.029   8  24  1.867   1  15  1.133  17  12  1.333   4  20
0.871  14  11  1.511   4  14  1.067   5  14  1.600   2  15  0.960   8  24  1.742   1  16  1.120  18  13  1.244   4  21
0.933  16  14  1.417   4  15  1.200   6  14  1.500   2  16  0.900   8  24  1.633   1  17  1.108  19  14  1.167   4  22
1.098  20  15  1.333   4  16  1.129   6  14  1.412   2  18  0.847   8  24  1.537   1  17  1.153  21  18  1.098   4  22
1.244  24  16  1.259   4  18  1.067   6  14  1.333   2  18  0.800   8  26  1.452   1  17  1.141  22  19  1.037   4  24
1.277  26  18  1.193   4  20  1.011   6  14  1.263   2  19  0.947  10  28  1.375   1  17  1.081  22  19  0.982   4  25
1.213  26  20  1.133   4  21  0.960   6  15  1.200   2  20  1.260  14  28  1.307   1  19  1.027  22  19  1.167   5  26
1.156  26  21  1.079   4  23  1.067   7  18  1.143   2  20  1.457  17  29  1.244   1  20  0.978  22  19  1.333   6  26
1.188  28  23  2.061   8  24  1.164   8  20  1.091   2  20  1.391  17  29  1.188   1  22  0.933  22  20  1.273   6  26
1.136  28  23  1.971   8  25  1.113   8  22  1.043   2  21  1.330  17  30  1.136   1  23  1.014  25  21  1.217   6  27
1.089  28  23  1.889   8  25  1.067   8  24  1.000   2  21  1.275  17  32  1.089   1  26  1.089  28  22  1.167   6  27
1.045  28  24  1.813   8  27  1.024   8  24  0.960   2  22  1.224  17  33  1.045   1  27  1.157  31  22  1.120   6  29
1.005  28  24  1.744   8  27  0.985   8  25  1.846   4  25  1.177  17  34  1.005   1  28  1.185  33  23  1.077   6  30
0.968  28  24  1.679   8  27  1.067   9  26  1.778   4  26  1.133  17  36  0.968   1  29  1.210  35  23  1.037   6  33
0.933  28  24  1.619   8  29  1.143  10  27  1.714   4  29  1.093  17  37  0.933   1  30  1.233  37  23  1.000   6  33
0.901  28  25  1.563   8  29  1.103  10  29  1.655   4  30  1.055  17  37  0.901   1  31  1.255  39  25  0.966   6  34
0.933  30  27  1.511   8  30  1.067  10  29  1.600   4  30  1.020  17  38  1.742   2  31  1.244  40  28  0.933   6  35
0.963  32  28  1.462   8  31  1.032  10  30  1.548   4  30  0.987  17  38  1.686   2  33  1.234  41  30  0.903   6  36
0.933  32  30  1.417   8  32  1.000  10  32  1.500   4  32  0.956  17  38  2.450   3  33  1.225  42  31  1.021   7  36
0.962  34  30  1.374   8  34  0.970  10  33  1.455   4  32  0.927  17  41  2.376   3  33  1.216  43  31  1.131   8  38
0.988  36  31  1.333   8  34  0.941  10  35  1.412   4  32  0.953  18  43  2.306   3  34  1.208  44  32  1.098   8  39
0.960  36  31  1.295   8  37  1.006  11  37  1.371   4  32  1.029  20  43  2.240   3  36  1.200  45  32  1.067   8  40
0.933  36  31  1.259   8  38  1.067  12  38  1.333   4  33  1.150  23  44  2.178   3  37  1.219  47  34  1.037   8  41
0.908  36  33  1.225   8  39  1.211  14  39  1.297   4  33  1.168  24  44  2.119   3  37  1.186  47  36  1.135   9  43
1.032  42  33  1.193   8  39  1.179  14  40  1.263   4  34  1.137  24  46  2.063   3  38  1.154  47  38  1.105   9  44
1.149  48  35  1.162   8  43  1.149  14  40  1.231   4  34  1.108  24  47  2.010   3  39  1.125  47  38  1.077   9  44
1.260  54  36  1.133   8  43  1.120  14  42  1.200   4  35  1.080  24  49  1.960   3  39  1.097  47  39  1.050   9  45
1.366  60  36  1.106   8  43  1.093  14  43  1.171   4  35  1.054  24  52  1.912   3  40  1.070  47  39  1.024   9  48
1.467  66  36  1.079   8  44  1.067  14  44  1.143   4  35  1.029  24  53  1.867   3  43  1.044  47  40  1.000   9  49
1.476  68  39  1.054   8  45  1.042  14  44  1.116   4  35  1.047  25  55  1.823   3  44  1.020  47  40  1.085  10  50
1.506  71  40  1.030   8  46  1.018  14  45  1.091   4  35  1.105  27  58  1.782   3  44  0.997  47  42  1.167  11  50
1.473  71  40  1.007   8  48  0.996  14  45  1.067   4  36  1.080  27  59  1.742   3  45  1.037  50  44  1.141  11  51
1.441  71  43  1.478  12  48  0.974  14  45  1.043   4  36  1.057  27  60  1.704   3  45  1.055  52  46  1.116  11  53
1.410  71  45  1.447  12  48  0.953  14  46  1.021   4  36  1.072  28  62  1.668   3  45  1.072  54  48  1.092  11  54
1.381  71  45  1.417  12  48  1.067  16  48  1.000   4  37  1.050  28  64  1.633   3  45  1.069  55  50  1.069  11  55