         6             18               2               2               0               0               0               1      
        12             21               4               3               0               0               1               1      
        14             21               7               5               1               0               1               2      
        14             24              10               5               1               0               2               4      
        14             24              10               7               2               0               4               5      
        14             24              11               8               4               0               6               7      
        14             24              12              10               5               0               8               8      
        14             24              16              10               6               0               9               8      
        16             24              18              11               8               0              11               8      
        18             24              19              12               9               0              14               9      
        18             30              20              12               9               0              16              11      
        24             36              21              13               9               0              16              11      
        24             39              23              14              11               0              17              11      
        24             39              25              14              14               0              17              12      
        24             39              27              15              16               0              18              13      
        28             42              28              15              18               0              19              14      
        30             48              29              18              19               0              19              14      
        32             48              30              19              19               0              23              14      
        40             48              32              19              20               0              23              15      
        42             51              34              20              20               0              24              16      
        42             51              36              21              22               0              26              16      
        44             51              36              22              24               0              26              19      
        44             54              37              23              25               0              27              20      
        44             60              38              23              26               0              28              20      
        46             66              39              24              27               0              29              21      
        48             69              42              25              27               0              29              21      
        50             69              44              25              27               0              31              22      
        50             75              45              27              28               0              31              23      
        54             81              46              28              28               0              32              23      
        56             81              47              28              28               0              34              26      
        58             81              49              30              28               0              36              27      
        62             81              50              30              29               0              37              29      
        62             87              51              30              31               0              37              30      
        66             87              51              32              31               0              38              31      
        66             90              52              33              33               0              39              31      
        70             93              52              34              34               0              39              32      
        70             99              52              35              35               0              41              32      
        72            105              52              36              35               0              41              33      
        72            111              53              37              37               0              42              33      
        72            117              56              39              37               0              42              34      
        76            117              56              41              37               0              43              35      
        78            120              58              41              37               0              44              35      
        78            129              59              42              38               0              44              37      
        80            132              60              42              39               0              45              39      
        80            141              61              43              39               0              46              41      
        86            144              62              43              39               0              48              41      
        86            144              65              44              39               0              49              44      
        88            144              65              44              40               0              53              46      