0.000   0    0  0.000   0    2  0.000   0    2  0.000   0    2  0.000   0    3  0.000   0    5  0.000   0    0  4.667   1    2
0.000   0    2  0.000   0    4  1.600   1    3  0.000   0    3  1.800   2    3  0.000   0    6  0.000   0    1  2.333   1    2
0.622   2    3  5.667   3    5  1.067   1    4  0.000   0    3  1.200   2    4  0.000   0    7  0.311   1    2  1.556   1    4
0.933   4    4  4.250   3    5  0.800   1    5  0.000   0    5  0.900   2    6  0.000   0    8  0.700   3    2  1.167   1    5
1.120   6    4  3.400   3    6  0.640   1    5  2.400   1    5  0.720   2    9  0.000   0    8  0.560   3    4  1.867   2    7
0.933   6    6  2.833   3    6  0.533   1    6  2.000   1    5  0.600   2   10  0.000   0   10  0.933   6    5  1.556   2    8
1.333  10    7  2.429   3    9  0.457   1    6  1.714   1    6  0.514   2   10  0.000   0   12  0.933   7    5  1.333   2    9
1.400  12    8  2.125   3    9  0.400   1    6  3.000   2    8  0.450   2   12  0.000   0   12  0.817   7    7  1.750   3   10
1.244  12    8  1.889   3    9  0.356   1    6  2.667   2    9  0.600   3   15  0.000   0   12  0.933   9    8  1.556   3   13
1.120  12    8  1.700   3   10  0.320   1    7  2.400   2   10  0.720   4   18  0.000   0   13  1.027  11    9  1.400   3   13
1.018  12    9  1.545   3   11  0.582   2    8  2.182   2   10  0.655   4   22  0.000   0   13  1.103  13    9  1.273   3   14
1.089  14    9  1.417   3   13  0.533   2    9  2.000   2   11  0.900   6   24  0.000   0   13  1.011  13    9  1.167   3   16
1.005  14   10  1.308   3   14  0.738   3   10  1.846   2   12  0.969   7   24  0.000   0   13  0.933  13   10  1.436   4   19
1.067  16   10  1.214   3   14  0.914   4   12  1.714   2   13  0.900   7   24  0.000   0   15  0.933  14   12  1.333   4   20
0.996  16   11  1.133   3   14  0.853   4   14  1.600   2   15  0.840   7   24  0.000   0   16  0.996  16   13  1.244   4   21
1.050  18   14  1.062   3   15  0.800   4   14  1.500   2   16  0.788   7   24  0.000   0   17  0.992  17   14  1.458   5   22
1.098  20   15  2.000   6   16  0.753   4   14  1.412   2   18  0.741   7   24  0.000   0   17  0.988  18   18  1.373   5   22
1.037  20   16  1.889   6   18  0.711   4   14  1.333   2   18  0.700   7   26  0.000   0   17  1.089  21   19  1.296   5   24
1.179  24   18  1.789   6   20  0.674   4   14  1.263   2   19  0.758   8   28  0.000   0   17  1.032  21   19  1.228   5   25
1.213  26   20  1.700   6   21  0.640   4   15  1.800   3   20  0.810   9   28  0.000   0   19  0.980  21   19  1.167   5   26
1.244  28   21  1.619   6   23  0.762   5   18  1.714   3   20  0.771   9   29  0.000   0   20  0.933  21   19  1.111   5   26
1.358  32   23  1.545   6   24  0.727   5   20  1.636   3   20  0.818  10   29  0.000   0   22  0.891  21   20  1.061   5   26
1.380  34   23  1.478   6   25  0.835   6   22  1.565   3   21  0.783  10   30  0.000   0   23  0.893  22   21  1.014   5   27
1.322  34   23  1.417   6   25  0.800   6   24  1.500   3   21  0.825  11   32  0.000   0   26  0.894  23   22  1.167   6   27
1.269  34   24  1.360   6   27  0.896   7   24  1.440   3   22  0.864  12   33  0.000   0   27  0.896  24   22  1.120   6   29
1.292  36   24  1.962   9   27  0.862   7   25  1.385   3   25  0.831  12   34  0.000   0   28  0.862  24   23  1.256   7   30
1.244  36   24  1.889   9   27  0.830   7   26  1.778   4   26  0.867  13   36  0.000   0   29  0.864  25   23  1.210   7   33
1.200  36   24  1.821   9   29  0.800   7   27  1.714   4   29  0.900  14   37  0.000   0   30  0.833  25   23  1.500   9   33
1.159  36   25  1.759   9   29  0.883   8   29  1.655   4   30  0.931  15   37  0.000   0   31  0.805  25   25  1.448   9   34
1.120  36   27  1.700   9   30  0.853   8   29  1.600   4   30  0.900  15   38  0.000   0   31  0.871  28   28  1.400   9   35
1.084  36   28  1.645   9   31  0.826   8   30  1.548   4   30  0.871  15   38  0.000   0   33  0.933  31   30  1.355   9   36
1.050  36   30  2.125  12   32  0.800   8   32  1.500   4   32  0.844  15   38  0.000   0   33  0.962  33   31  1.312   9   36
1.131  40   30  2.061  12   34  0.776   8   33  1.455   4   32  0.818  15   41  0.000   0   33  0.962  34   31  1.273   9   38
1.098  40   31  2.000  12   34  0.753   8   35  1.412   4   32  0.900  17   43  0.000   0   34  0.933  34   32  1.373  10   39
1.173  44   31  1.943  12   37  0.731   8   37  1.371   4   32  0.874  17   43  0.000   0   36  0.933  35   32  1.333  10   40
1.141  44   31  1.889  12   38  0.800   9   38  1.333   4   33  0.850  17   44  0.000   0   37  0.907  35   34  1.426  11   41
1.110  44   33  1.838  12   39  0.778   9   39  1.622   5   33  0.827  17   44  0.000   0   37  0.933  37   36  1.387  11   43
1.081  44   33  1.789  12   39  0.758   9   40  1.579   5   34  0.805  17   46  0.000   0   38  0.982  40   38  1.351  11   44
1.053  44   35  1.744  12   43  0.738   9   40  1.538   5   34  0.785  17   47  0.000   0   39  1.005  42   38  1.316  11   44
1.167  50   36  1.700  12   43  0.720   9   42  1.500   5   35  0.765  17   49  0.000   0   39  0.980  42   39  1.283  11   45
1.138  50   36  1.659  12   43  0.702   9   43  1.463   5   35  0.746  17   52  0.000   0   40  1.024  45   39  1.252  11   48
1.111  50   36  1.619  12   44  0.686   9   44  1.429   5   35  0.857  20   53  0.000   0   43  1.000  45   40  1.222  11   49
1.085  50   39  1.581  12   45  0.670   9   44  1.395   5   35  0.837  20   55  0.000   0   44  1.042  48   40  1.194  11   50
1.188  56   40  1.545  12   46  0.655   9   45  1.364   5   35  0.818  20   58  0.000   0   44  1.018  48   42  1.167  11   50
1.161  56   40  1.511  12   48  0.640   9   45  1.333   5   36  0.800  20   59  0.000   0   45  1.058  51   44  1.141  11   51
1.136  56   43  1.478  12   48  0.626   9   45  1.565   6   36  0.783  20   60  0.000   0   45  1.055  52   46  1.217  12   53
1.112  56   45  1.447  12   48  0.613   9   46  1.532   6   36  0.766  20   62  0.000   0   45  1.092  55   48  1.191  12   54
1.128  58   45  1.417  12   48  0.667  10   48  1.500   6   37  0.750  20   64  0.000   0   45  1.089  56   50  1.167  12   55

