         0             10               0               2               0               3               0               2      
         0             25               3               4               0               4               0               4      
        12             40               6               4               0               5               0               4      
        24             45              12               5               0               5               2               4      
        28             45              21               7               3               5               2               6      
        28             50              30               7               3               6               4              10      
        28             50              30               9               6               8               8              12      
        28             50              33              10              12               8              12              16      
        28             50              36              12              15               9              16              18      
        28             50              48              12              18              11              18              18      
        32             50              54              13              24              11              22              18      
        36             50              57              14              27              11              28              20      
        36             60              60              14              27              12              32              24      
        48             70              63              15              27              13              32              24      
        48             75              69              16              33              14              34              24      
        48             75              75              16              42              16              34              26      
        48             75              81              17              48              17              36              28      
        56             80              84              17              54              17              38              30      
        60             90              87              20              57              17              38              30      
        64             90              90              21              57              18              46              30      
        80             90              96              21              60              18              46              32      
        84             95             102              22              60              19              48              34      
        84             95             108              23              66              20              52              34      
        88             95             108              24              72              21              52              40      
        88            100             111              25              75              23              54              42  