         0              0               0               0               0               0               0               0      
         0              0               0               0               0               0               0               0      
         0              0               3               0               0               0               0               0      
         0              0               3               0               0               0               0               0      
         0              0               3               1               0               0               0               0      
         0              0               6               1               0               0               0               0      
         0              5               6               1               3               0               0               0      
         0              5               9               1               3               1               0               0      
         0              5              12               1               3               1               0               0      
         0              5              12               2               3               1               0               0      
         0              5              15               2               3               1               0               0      
         0              5              15               2               3               1               2               0      
         0              5              15               2               6               1               2               0      
         0              5              15               2               6               1               4               0      
         4              5              15               2               6               1               4               0      
         4              5              15               2               6               1               6               0      
         4              5              15               2               6               2               6               0      
         4              5              15               3               9               2               6               0      
         4              5              18               3               9               2               6               0      
         4              5              18               4               9               2               6               0      
         4              5              18               4              12               3               6               0      
         4              5              18               4              15               3               6               0      
         8              5              18               4              15               3               6               0      
        12              5              18               5              15               3               6               2      
        12              5              18               5              15               3               6               4    