0.000   0  1   0.000   0  2   0.000   0  2   0.000   0  2   0.000   0  0   28.000  2  5   0.000   0   2  7.500   3  2
1.250   5  2   0.000   0  2   5.143   6  3   0.000   0  4   0.000   0  2   14.000  2  5   0.000   0   2  3.750   3  4
0.833   5  2   0.000   0  6   3.429   6  3   2.143   1  5   1.929   6  2   9.333   2  6   0.000   0   3  2.500   3  5
0.625   5  2   0.000   0  8   2.571   6  4   4.821   3  5   1.446   6  2   7.000   2  7   0.750   6   6  1.875   3  6
0.500   5  2   3.036   5  9   2.057   6  4   3.857   3  7   1.157   6  5   5.600   2  8   1.200  12   6  1.500   3  7
0.417   5  6   2.530   5  10  1.714   6  5   3.214   3  7   1.929  12  5   4.667   2  9   1.000  12   6  2.500   6  8
1.429  20  7   2.168   5  10  1.469   6  6   2.755   3  8   1.653  12  5   4.000   2  10  0.857  12   8  2.143   6  10
1.250  20  7   1.897   5  12  1.286   6  6   2.411   3  9   1.446  12  6   3.500   2  11  1.312  21   9  1.875   6  12
1.111  20  9   1.687   5  12  1.143   6  7   2.143   3  10  1.929  18  7   3.111   2  11  1.333  24  12  1.667   6  12
1.500  30  10  1.518   5  15  1.543   9  7   1.929   3  10  1.736  18  7   2.800   2  12  1.200  24  13  1.500   6  14
1.364  30  10  1.380   5  16  2.182  14  8   1.753   3  12  1.578  18  7   2.545   2  12  1.227  27  15  2.045   9  16
1.250  30  11  2.530  10  19  2.000  14  10  1.607   3  14  1.446  18  7   2.333   2  12  1.375  33  15  1.875   9  16
1.346  35  13  2.335  10  20  2.242  17  11  1.978   4  15  1.335  18  8   2.154   2  12  1.269  33  16  1.731   9  17
1.429  40  13  2.168  10  21  2.082  17  12  1.837   4  17  1.446  21  9   2.000   2  14  1.286  36  16  1.607   9  18
1.333  40  13  2.024  10  23  1.943  17  13  1.714   4  20  1.736  27  10  1.867   2  15  1.200  36  16  2.000  12  18
1.250  40  13  1.897  10  24  1.821  17  14  1.607   4  22  2.170  36  11  1.750   2  16  1.125  36  17  1.875  12  19
1.176  40  15  1.786  10  25  1.714  17  14  1.513   4  23  2.042  36  12  1.647   2  18  1.324  45  17  1.765  12  20
1.389  50  15  1.687  10  28  1.619  17  14  1.429   4  24  1.929  36  14  3.111   4  19  1.250  45  18  1.667  12  20
1.316  50  17  1.598  10  29  1.534  17  15  1.692   5  25  1.979  39  16  2.947   4  20  1.263  48  18  1.579  12  20
1.500  60  19  1.518  10  30  1.457  17  16  2.250   7  26  1.880  39  17  2.800   4  21  1.200  48  18  1.500  12  21
1.548  65  20  2.168  15  30  1.633  20  18  2.143   7  26  1.791  39  19  2.667   4  23  1.143  48  18  1.429  12  22
1.591  70  21  2.070  15  32  1.558  20  18  2.045   7  27  1.709  39  19  2.545   4  26  1.091  48  19  2.045  18  22
1.630  75  22  2.640  20  34  1.491  20  19  1.957   7  28  1.635  39  20  2.435   4  27  1.109  51  19  1.957  18  23
1.771  85  25  2.530  20  34  1.643  23  19  1.875   7  29  1.567  39  21  2.333   4  28  1.062  51  21  1.875  18  23
1.700  85  26  2.429  20  34  1.577  23  20  1.800   7  29  1.504  39  24  2.240   4  28  1.200  60  24  1.800  18  23
