         0              0               0               0               0               0               0               0      
        12             30               6               2               0               2               0               2      
        24             35              12               3               0               2               2               2      
        28             35              21               5               3               2               2               4      
        28             40              30               5               3               3               4               8      
        28             40              30               7               6               5               8              10      
        28             40              33               8              12               5              12              14      
        28             40              36              10              15               6              16              16      
        28             40              48              10              18               8              18              16      
        32             40              54              11              24               8              22              16      
        36             40              57              12              27               8              28              18      
        36             50              60              12              27               9              32              22      
        48             60              63              13              27              10              32              22      
        48             65              69              14              33              11              34              22      
        48             65              75              14              42              13              34              24      
        48             65              81              15              48              14              36              26      
        56             70              84              15              54              14              38              28      
        60             80              87              18              57              14              38              28      
        64             80              90              19              57              15              46              28      
        80             80              96              19              60              15              46              30      
        84             85             102              20              60              16              48              32      
        84             85             108              21              66              17              52              32      
        88             85             108              22              72              18              52              38      
        88             90             111              23              75              20              54              40      
        88            100             114              23              78              23              56              40      
        92            110             117              24              81              23              58              42   