         0              0               0               0               0               0               0               0      
         0              0               0               0               0               1               0               0      
         0              0               0               0               0               2               0               0      
         4              0               0               0               0               3               0               0      
         4              0               3               1               0               3               0               0      
         4              0               6               1               0               3               0               0      
         4              0               9               1               0               4               0               0      
         4              0              12               2               3               4               0               0      
         4              0              12               3               3               4               2               0      
         4              0              12               4               3               4               2               0      
         4              0              15               4               3               5               2               0      
         4              0              18               4               3               5               4               0      
         4              5              18               4               3               5               6               0      
         8              5              18               4               3               6               6               0      
         8              5              21               5               3               6               8               0      
         8              5              24               6               3               6               8               0      
         8              5              24               6               6               7               8               0      
         8              5              24               6               6               7              10               0      
         8             10              27               6               9               7              10               0      
         8             10              27               7               9               7              12               0      
         8             10              27               7               9               7              14               0      
         8             10              27               7              12               7              14               0      
         8             10              27               7              12               7              16               0      
         8             10              27               7              12               7              18               2      
        12             10              27               7              12               8              18               2      
        12             10              27               8              12               8              18               2  